argument,predecessors,successors,predecessors_neighbors,successors_neighbors,degree_centrality,in_degree_centrality,out_degree_centrality,closeness_centrality,betweenness_centrality,average_neighbor_degree,pagerank,edge_node_ratio
a0,66,62,4129,3942,0.6095238095238096,0.3142857142857143,0.2952380952380952,0.5932203389830508,0.0034524553511165,63.58064516129032,0.0048602765619241,63.360189573459714
a1,52,79,3321,4910,0.6238095238095238,0.2476190476190476,0.3761904761904762,0.5706521739130435,0.0035182887448496,62.151898734177216,0.0040576532159105,63.360189573459714
a2,62,59,3890,3705,0.5761904761904763,0.2952380952380952,0.2809523809523809,0.5865921787709497,0.0030192744289674,62.79661016949152,0.0046348222892436,63.360189573459714
a3,63,65,4001,4127,0.6095238095238096,0.3,0.3095238095238095,0.5882352941176471,0.0033781532697638,63.49230769230769,0.0047392906380927,63.360189573459714
a4,61,63,3857,3938,0.5904761904761905,0.2904761904761905,0.3,0.584958217270195,0.003062008340502,62.507936507936506,0.0045074618528235,63.360189573459714
a5,76,67,4749,4136,0.680952380952381,0.3619047619047619,0.3190476190476191,0.6104651162790697,0.0041150603815809,61.73134328358209,0.0054481038145675,63.360189573459714
a6,67,66,4214,4175,0.6333333333333334,0.3190476190476191,0.3142857142857143,0.5949008498583569,0.0037175275208626,63.25757575757576,0.0049877787803552,63.360189573459714
a7,62,59,3902,3701,0.5761904761904763,0.2952380952380952,0.2809523809523809,0.5865921787709497,0.003066952487167,62.72881355932204,0.004674876581979,63.360189573459714
a8,65,61,4107,3775,0.6000000000000001,0.3095238095238095,0.2904761904761905,0.5915492957746479,0.0031629493324296,61.885245901639344,0.0047845466280207,63.360189573459714
a9,67,59,4183,3759,0.6000000000000001,0.3190476190476191,0.2809523809523809,0.5949008498583569,0.0033367301514692,63.71186440677966,0.0049597061566319,63.360189573459714
a10,66,61,4156,3813,0.6047619047619048,0.3142857142857143,0.2904761904761905,0.5932203389830508,0.0033394958061295,62.50819672131148,0.0049062822441344,63.360189573459714
a11,59,60,3673,3768,0.5666666666666668,0.2809523809523809,0.2857142857142857,0.5817174515235457,0.0029254846392655,62.8,0.0044648607075998,63.360189573459714
a12,63,79,3934,4950,0.6761904761904762,0.3,0.3761904761904762,0.5882352941176471,0.0040622113299254,62.65822784810127,0.0046034295333107,63.360189573459714
a13,63,64,3999,4033,0.6047619047619048,0.3,0.3047619047619048,0.5882352941176471,0.0033581681290615,63.015625,0.0046565482217479,63.360189573459714
a14,71,61,4483,3907,0.6285714285714287,0.3380952380952381,0.2904761904761905,0.6017191977077364,0.0036569987883212,64.04918032786885,0.0052006918982529,63.360189573459714
a15,52,76,3201,4765,0.6095238095238096,0.2476190476190476,0.3619047619047619,0.5706521739130435,0.0032235378402264,62.69736842105263,0.0039135447610502,63.360189573459714
a16,53,76,3344,4831,0.6142857142857143,0.2523809523809524,0.3619047619047619,0.5722070844686649,0.0034145102374248,63.56578947368421,0.0040801993439904,63.360189573459714
a17,67,65,4259,4107,0.6285714285714287,0.3190476190476191,0.3095238095238095,0.5949008498583569,0.0036070376152318,63.18461538461538,0.0050099491905039,63.360189573459714
a18,74,61,4737,3864,0.6428571428571429,0.3523809523809524,0.2904761904761905,0.6069364161849711,0.0039044533147508,63.34426229508197,0.0054952846249925,63.360189573459714
a19,56,56,3452,3526,0.5333333333333334,0.2666666666666667,0.2666666666666667,0.5769230769230769,0.0025227689436383,62.96428571428572,0.0041184458384777,63.360189573459714
a20,51,61,3228,3896,0.5333333333333334,0.2428571428571428,0.2904761904761905,0.5691056910569106,0.0026143726546016,63.8688524590164,0.0039494222927989,63.360189573459714
a21,59,65,3748,4075,0.5904761904761905,0.2809523809523809,0.3095238095238095,0.5817174515235457,0.0031988146761309,62.69230769230769,0.0044608332291659,63.360189573459714
a22,62,66,3894,4169,0.6095238095238096,0.2952380952380952,0.3142857142857143,0.5865921787709497,0.0034202940619569,63.16666666666666,0.0046391919633345,63.360189573459714
a23,65,66,4108,4203,0.6238095238095238,0.3095238095238095,0.3142857142857143,0.5915492957746479,0.0035980867918949,63.68181818181818,0.004867122741449,63.360189573459714
a24,66,57,4150,3494,0.5857142857142857,0.3142857142857143,0.2714285714285714,0.5932203389830508,0.0029515321469375,61.29824561403509,0.004810212035223,63.360189573459714
a25,65,68,4115,4313,0.6333333333333334,0.3095238095238095,0.3238095238095238,0.5915492957746479,0.0037945124225489,63.4264705882353,0.0049657101259442,63.360189573459714
a26,69,58,4336,3688,0.6047619047619048,0.3285714285714286,0.2761904761904762,0.5982905982905983,0.0033017846444674,63.58620689655172,0.0050334272417096,63.360189573459714
a27,66,62,4138,3941,0.6095238095238096,0.3142857142857143,0.2952380952380952,0.5932203389830508,0.0034937923619857,63.564516129032256,0.0048848197857713,63.360189573459714
a28,56,62,3554,3881,0.5619047619047619,0.2666666666666667,0.2952380952380952,0.5769230769230769,0.0027723773993326,62.596774193548384,0.0042087898327612,63.360189573459714
a29,65,72,4103,4519,0.6523809523809524,0.3095238095238095,0.3428571428571428,0.5915492957746479,0.0039152897881154,62.763888888888886,0.0048390848964328,63.360189573459714
a30,62,64,3905,4024,0.6000000000000001,0.2952380952380952,0.3047619047619048,0.5865921787709497,0.003342687763736,62.875,0.0046473879541524,63.360189573459714
a31,71,55,4511,3460,0.6000000000000001,0.3380952380952381,0.2619047619047619,0.6017191977077364,0.0033479972396043,62.90909090909091,0.0053287527807651,63.360189573459714
a32,59,67,3735,4211,0.6000000000000001,0.2809523809523809,0.3190476190476191,0.5817174515235457,0.0033376694152648,62.85074626865672,0.0045007488481336,63.360189573459714
a33,52,66,3275,4141,0.5619047619047619,0.2476190476190476,0.3142857142857143,0.5706521739130435,0.0027402265909428,62.74242424242424,0.003970266777712,63.360189573459714
a34,57,63,3619,4019,0.5714285714285715,0.2714285714285714,0.3,0.5785123966942148,0.0031167340003284,63.79365079365079,0.0044091217190437,63.360189573459714
a35,53,73,3316,4641,0.6000000000000001,0.2523809523809524,0.3476190476190476,0.5722070844686649,0.0032617554563055,63.57534246575342,0.0040441783280807,63.360189573459714
a36,65,61,4129,3964,0.6000000000000001,0.3095238095238095,0.2904761904761905,0.5915492957746479,0.0034647197371671,64.98360655737704,0.0049933550355637,63.360189573459714
a37,62,60,3930,3783,0.580952380952381,0.2952380952380952,0.2857142857142857,0.5865921787709497,0.0032048240425593,63.05,0.0047176669040378,63.360189573459714
a38,65,72,4131,4525,0.6523809523809524,0.3095238095238095,0.3428571428571428,0.5915492957746479,0.0039107465595768,62.84722222222222,0.0049178563471517,63.360189573459714
a39,68,64,4256,4038,0.6285714285714287,0.3238095238095238,0.3047619047619048,0.5965909090909091,0.0035982364791914,63.09375,0.0049949971225485,63.360189573459714
a40,62,76,3826,4733,0.6571428571428573,0.2952380952380952,0.3619047619047619,0.5865921787709497,0.0037343965956038,62.276315789473685,0.0045436962163838,63.360189573459714
a41,69,71,4306,4474,0.6666666666666667,0.3285714285714286,0.3380952380952381,0.5982905982905983,0.0041614421639025,63.014084507042256,0.0051322191758013,63.360189573459714
a42,59,62,3756,3955,0.5761904761904763,0.2809523809523809,0.2952380952380952,0.5817174515235457,0.0031436939115357,63.79032258064516,0.0045299692983055,63.360189573459714
a43,62,51,3950,3262,0.5380952380952382,0.2952380952380952,0.2428571428571428,0.5865921787709497,0.0027321651852417,63.96078431372549,0.0046880506851808,63.360189573459714
a44,56,73,3523,4666,0.6142857142857143,0.2666666666666667,0.3476190476190476,0.5769230769230769,0.0035023518866657,63.917808219178085,0.0042349389174092,63.360189573459714
a45,64,67,3967,4217,0.6238095238095238,0.3047619047619048,0.3190476190476191,0.5898876404494382,0.0034991942412023,62.940298507462686,0.0046388009163377,63.360189573459714
a46,61,54,3889,3428,0.5476190476190477,0.2904761904761905,0.2571428571428572,0.584958217270195,0.0028191366881107,63.48148148148148,0.0046295409623232,63.360189573459714
a47,69,55,4341,3537,0.5904761904761905,0.3285714285714286,0.2619047619047619,0.5982905982905983,0.0031884894534122,64.30909090909091,0.0050360326230297,63.360189573459714
a48,77,54,4872,3394,0.6238095238095238,0.3666666666666667,0.2571428571428572,0.6122448979591837,0.003470646290192,62.851851851851855,0.0056062112977709,63.360189573459714
a49,59,53,3688,3392,0.5333333333333334,0.2809523809523809,0.2523809523809524,0.5817174515235457,0.0025533512544913,64.0,0.0043853365507032,63.360189573459714
a50,67,69,4303,4340,0.6476190476190476,0.3190476190476191,0.3285714285714286,0.5949008498583569,0.0038707242904258,62.89855072463768,0.0050075592483101,63.360189573459714
a51,66,56,4212,3587,0.580952380952381,0.3142857142857143,0.2666666666666667,0.5932203389830508,0.0031723634824855,64.05357142857143,0.0048993891707276,63.360189573459714
a52,52,67,3292,4220,0.5666666666666668,0.2476190476190476,0.3190476190476191,0.5706521739130435,0.0030121915518666,62.98507462686568,0.0041002639420238,63.360189573459714
a53,68,65,4264,4095,0.6333333333333334,0.3238095238095238,0.3095238095238095,0.5965909090909091,0.0037508317544303,63.0,0.0050077162679476,63.360189573459714
a54,59,64,3740,4017,0.5857142857142857,0.2809523809523809,0.3047619047619048,0.5817174515235457,0.0031821544678173,62.765625,0.004569680150122,63.360189573459714
a55,57,72,3633,4544,0.6142857142857143,0.2714285714285714,0.3428571428571428,0.5785123966942148,0.0035024802166797,63.11111111111112,0.0043741805321663,63.360189573459714
a56,55,61,3478,3836,0.5523809523809524,0.2619047619047619,0.2904761904761905,0.5753424657534246,0.0027219984952465,62.885245901639344,0.0041709974200723,63.360189573459714
a57,76,57,4826,3569,0.6333333333333334,0.3619047619047619,0.2714285714285714,0.6104651162790697,0.003618785707333,62.6140350877193,0.005554661011827,63.360189573459714
a58,62,64,3923,4032,0.6000000000000001,0.2952380952380952,0.3047619047619048,0.5865921787709497,0.0035195491119707,63.0,0.0047368066380745,63.360189573459714
a59,71,63,4480,3949,0.6380952380952382,0.3380952380952381,0.3,0.6017191977077364,0.0037876113337363,62.68253968253968,0.0052998552668847,63.360189573459714
a60,66,63,4189,3922,0.6142857142857143,0.3142857142857143,0.3,0.5932203389830508,0.0034301522664363,62.25396825396825,0.0049491304898635,63.360189573459714
a61,76,56,4778,3548,0.6285714285714287,0.3619047619047619,0.2666666666666667,0.6104651162790697,0.0034939199218065,63.35714285714285,0.0055030964424791,63.360189573459714
a62,63,57,3991,3597,0.5714285714285715,0.3,0.2714285714285714,0.5882352941176471,0.0029056368755428,63.10526315789474,0.0046814628777522,63.360189573459714
a63,70,68,4412,4282,0.6571428571428573,0.3333333333333333,0.3238095238095238,0.6,0.0040212928537027,62.97058823529412,0.0051654622425771,63.360189573459714
a64,57,64,3561,4012,0.5761904761904763,0.2714285714285714,0.3047619047619048,0.5785123966942148,0.002926667341311,62.6875,0.0042447925721688,63.360189573459714
a65,75,48,4741,3005,0.5857142857142857,0.3571428571428571,0.2285714285714286,0.6086956521739131,0.0029547603242073,62.60416666666666,0.0054789887203897,63.360189573459714
a66,65,54,4182,3388,0.5666666666666668,0.3095238095238095,0.2571428571428572,0.5915492957746479,0.0028526923639092,62.74074074074074,0.0049211123979216,63.360189573459714
a67,49,71,3126,4532,0.5714285714285715,0.2333333333333333,0.3380952380952381,0.5660377358490566,0.0029389887054954,63.83098591549296,0.003912489138563,63.360189573459714
a68,75,66,4647,4174,0.6714285714285715,0.3571428571428571,0.3142857142857143,0.6086956521739131,0.0040870269782197,63.24242424242424,0.0054200853385188,63.360189573459714
a69,61,60,3899,3818,0.5761904761904763,0.2904761904761905,0.2857142857142857,0.584958217270195,0.0031309926176792,63.63333333333333,0.0046111684840802,63.360189573459714
a70,58,71,3687,4529,0.6142857142857143,0.2761904761904762,0.3380952380952381,0.580110497237569,0.0035584268259676,63.7887323943662,0.0044562350068063,63.360189573459714
a71,54,61,3353,3811,0.5476190476190477,0.2571428571428572,0.2904761904761905,0.5737704918032787,0.0027163266262767,62.47540983606557,0.0040856149038293,63.360189573459714
a72,60,63,3821,3961,0.5857142857142857,0.2857142857142857,0.3,0.5833333333333334,0.0030635810229572,62.87301587301587,0.0045369910458884,63.360189573459714
a73,74,49,4734,3075,0.5857142857142857,0.3523809523809524,0.2333333333333333,0.6069364161849711,0.0030972690917009,62.755102040816325,0.0055294473774404,63.360189573459714
a74,60,76,3775,4767,0.6476190476190476,0.2857142857142857,0.3619047619047619,0.5833333333333334,0.0037402182315213,62.72368421052632,0.0044978884518558,63.360189573459714
a75,61,63,3845,3958,0.5904761904761905,0.2904761904761905,0.3,0.584958217270195,0.0031875208973616,62.82539682539682,0.0045271725748838,63.360189573459714
a76,59,72,3704,4625,0.6238095238095238,0.2809523809523809,0.3428571428571428,0.5817174515235457,0.0036885921696211,64.23611111111111,0.004508667906232,63.360189573459714
a77,56,66,3588,4205,0.580952380952381,0.2666666666666667,0.3142857142857143,0.5769230769230769,0.0031905160624639,63.71212121212121,0.0043576599119192,63.360189573459714
a78,64,61,4034,3920,0.5952380952380953,0.3047619047619048,0.2904761904761905,0.5898876404494382,0.003311308516385,64.26229508196721,0.0048233467586889,63.360189573459714
a79,60,69,3752,4336,0.6142857142857143,0.2857142857142857,0.3285714285714286,0.5833333333333334,0.0033767706282039,62.84057971014493,0.0044713284691374,63.360189573459714
a80,53,69,3281,4376,0.580952380952381,0.2523809523809524,0.3285714285714286,0.5722070844686649,0.0029850852672526,63.42028985507246,0.004034725497221,63.360189573459714
a81,73,57,4546,3600,0.6190476190476191,0.3476190476190476,0.2714285714285714,0.6051873198847262,0.0034644653340123,63.1578947368421,0.0053013602114227,63.360189573459714
a82,61,66,3793,4114,0.6047619047619048,0.2904761904761905,0.3142857142857143,0.584958217270195,0.0032540881988386,62.333333333333336,0.0044816295644474,63.360189573459714
a83,67,67,4131,4200,0.6380952380952382,0.3190476190476191,0.3190476190476191,0.5949008498583569,0.0035948194429522,62.6865671641791,0.0047926198224281,63.360189573459714
a84,69,55,4347,3431,0.5904761904761905,0.3285714285714286,0.2619047619047619,0.5982905982905983,0.0031792297170753,62.38181818181818,0.0050865840991387,63.360189573459714
a85,61,58,3867,3746,0.5666666666666668,0.2904761904761905,0.2761904761904762,0.584958217270195,0.0029289965438093,64.58620689655173,0.0045771898072227,63.360189573459714
a86,64,67,4079,4207,0.6238095238095238,0.3047619047619048,0.3190476190476191,0.5898876404494382,0.0035805877869986,62.791044776119406,0.0047923229284535,63.360189573459714
a87,58,63,3612,3970,0.5761904761904763,0.2761904761904762,0.3,0.580110497237569,0.0029960721628499,63.01587301587302,0.0043877765510165,63.360189573459714
a88,68,63,4324,3956,0.6238095238095238,0.3238095238095238,0.3,0.5965909090909091,0.0036080627403103,62.79365079365079,0.0049937979040972,63.360189573459714
a89,66,71,4189,4538,0.6523809523809524,0.3142857142857143,0.3380952380952381,0.5932203389830508,0.0039495399078484,63.91549295774648,0.004969626694271,63.360189573459714
a90,60,67,3765,4185,0.6047619047619048,0.2857142857142857,0.3190476190476191,0.5833333333333334,0.0033016386817115,62.46268656716418,0.0045155519413058,63.360189573459714
a91,70,67,4394,4159,0.6523809523809524,0.3333333333333333,0.3190476190476191,0.6,0.0037597508583674,62.07462686567164,0.0051214463564396,63.360189573459714
a92,70,60,4394,3795,0.6190476190476191,0.3333333333333333,0.2857142857142857,0.6,0.0035020596555604,63.25,0.0051170096048033,63.360189573459714
a93,74,66,4686,4120,0.6666666666666667,0.3523809523809524,0.3142857142857143,0.6069364161849711,0.0040130982184638,62.42424242424242,0.0053539964783876,63.360189573459714
a94,58,59,3653,3709,0.5571428571428572,0.2761904761904762,0.2809523809523809,0.580110497237569,0.0028617534742659,62.86440677966102,0.0043827528609408,63.360189573459714
a95,52,62,3290,3949,0.5428571428571429,0.2476190476190476,0.2952380952380952,0.5706521739130435,0.0027813427170224,63.693548387096776,0.0040579823327051,63.360189573459714
a96,69,54,4367,3448,0.5857142857142857,0.3285714285714286,0.2571428571428572,0.5982905982905983,0.0031219602790823,63.851851851851855,0.005097382019184,63.360189573459714
a97,65,55,4195,3491,0.5714285714285715,0.3095238095238095,0.2619047619047619,0.5915492957746479,0.0030321513312821,63.47272727272728,0.0048870242321922,63.360189573459714
a98,68,56,4361,3495,0.5904761904761905,0.3238095238095238,0.2666666666666667,0.5965909090909091,0.003236366828215,62.410714285714285,0.0050381703732479,63.360189573459714
a99,62,60,3916,3722,0.580952380952381,0.2952380952380952,0.2857142857142857,0.5865921787709497,0.0030674994716008,62.03333333333333,0.0046616128961108,63.360189573459714
a100,50,60,3200,3823,0.5238095238095238,0.2380952380952381,0.2857142857142857,0.5675675675675675,0.0026360403368145,63.71666666666667,0.0039866945364803,63.360189573459714
a101,75,61,4724,3794,0.6476190476190476,0.3571428571428571,0.2904761904761905,0.6086956521739131,0.0037945917070315,62.19672131147541,0.0054722478880741,63.360189573459714
a102,71,66,4535,4186,0.6523809523809524,0.3380952380952381,0.3142857142857143,0.6017191977077364,0.0039695949136116,63.42424242424242,0.0052842034931938,63.360189573459714
a103,67,65,4256,4035,0.6285714285714287,0.3190476190476191,0.3095238095238095,0.5949008498583569,0.0036576737075097,62.07692307692308,0.0049589830872906,63.360189573459714
a104,52,56,3253,3529,0.5142857142857143,0.2476190476190476,0.2666666666666667,0.5706521739130435,0.0023981284504906,63.017857142857146,0.0040555366936515,63.360189573459714
a105,70,58,4403,3714,0.6095238095238096,0.3333333333333333,0.2761904761904762,0.6,0.003518937112509,64.03448275862068,0.0051702485468523,63.360189573459714
a106,62,65,3928,4233,0.6047619047619048,0.2952380952380952,0.3095238095238095,0.5865921787709497,0.0035000659991273,65.12307692307692,0.0047011659000873,63.360189573459714
a107,70,54,4428,3428,0.5904761904761905,0.3333333333333333,0.2571428571428572,0.6,0.00319740463563,63.48148148148148,0.0051907749850956,63.360189573459714
a108,68,58,4314,3627,0.6000000000000001,0.3238095238095238,0.2761904761904762,0.5965909090909091,0.0032439987542332,62.53448275862069,0.0050262716619195,63.360189573459714
a109,65,68,4071,4343,0.6333333333333334,0.3095238095238095,0.3238095238095238,0.5915492957746479,0.0037283132641749,63.86764705882353,0.0048568219191998,63.360189573459714
a110,56,67,3555,4305,0.5857142857142857,0.2666666666666667,0.3190476190476191,0.5769230769230769,0.0031189103072899,64.25373134328358,0.004326991021949,63.360189573459714
a111,63,62,3916,3909,0.5952380952380953,0.3,0.2952380952380952,0.5882352941176471,0.0030908400455794,63.04838709677419,0.0046356189278394,63.360189573459714
a112,61,71,3851,4486,0.6285714285714287,0.2904761904761905,0.3380952380952381,0.584958217270195,0.0036799198162248,63.183098591549296,0.0046659187332171,63.360189573459714
a113,68,70,4275,4453,0.6571428571428573,0.3238095238095238,0.3333333333333333,0.5965909090909091,0.0039155740836843,63.614285714285714,0.0050055378103019,63.360189573459714
a114,62,63,3884,3942,0.5952380952380953,0.2952380952380952,0.3,0.5865921787709497,0.0032025648926714,62.57142857142857,0.0045991235851209,63.360189573459714
a115,65,50,4141,3092,0.5476190476190477,0.3095238095238095,0.2380952380952381,0.5915492957746479,0.0027275465595838,61.84,0.0048860335352498,63.360189573459714
a116,57,66,3577,4146,0.5857142857142857,0.2714285714285714,0.3142857142857143,0.5785123966942148,0.0030258286809324,62.81818181818182,0.00426758043379,63.360189573459714
a117,70,56,4406,3502,0.6000000000000001,0.3333333333333333,0.2666666666666667,0.6,0.0032703311517331,62.535714285714285,0.0051300290532801,63.360189573459714
a118,52,64,3276,3975,0.5523809523809524,0.2476190476190476,0.3047619047619048,0.5706521739130435,0.0027157334582465,62.109375,0.0040051040227614,63.360189573459714
a119,59,64,3743,4015,0.5857142857142857,0.2809523809523809,0.3047619047619048,0.5817174515235457,0.0031745523558856,62.734375,0.0045037959991617,63.360189573459714
a120,69,55,4357,3409,0.5904761904761905,0.3285714285714286,0.2619047619047619,0.5982905982905983,0.0031102950899483,61.98181818181818,0.0050928581507468,63.360189573459714
a121,70,56,4435,3552,0.6000000000000001,0.3333333333333333,0.2666666666666667,0.6,0.0033229293264517,63.42857142857143,0.0051966495705018,63.360189573459714
a122,67,63,4253,3974,0.6190476190476191,0.3190476190476191,0.3,0.5949008498583569,0.0035849841705331,63.07936507936508,0.0050583941450647,63.360189573459714
a123,67,62,4235,3955,0.6142857142857143,0.3190476190476191,0.2952380952380952,0.5949008498583569,0.0036053358110112,63.79032258064516,0.0050221967953536,63.360189573459714
a124,60,60,3762,3832,0.5714285714285715,0.2857142857142857,0.2857142857142857,0.5833333333333334,0.0029655954091001,63.86666666666667,0.0044569988152712,63.360189573459714
a125,63,70,4018,4436,0.6333333333333334,0.3,0.3333333333333333,0.5882352941176471,0.0036838028566464,63.371428571428574,0.004743644176483,63.360189573459714
a126,61,67,3897,4183,0.6095238095238096,0.2904761904761905,0.3190476190476191,0.584958217270195,0.0032954428881597,62.43283582089552,0.0045805022974423,63.360189573459714
a127,63,57,3985,3556,0.5714285714285715,0.3,0.2714285714285714,0.5882352941176471,0.0030148164616157,62.3859649122807,0.0046899087883664,63.360189573459714
a128,60,70,3735,4402,0.6190476190476191,0.2857142857142857,0.3333333333333333,0.5833333333333334,0.00353349400274,62.885714285714286,0.0045365501509855,63.360189573459714
a129,62,69,3974,4367,0.6238095238095238,0.2952380952380952,0.3285714285714286,0.5865921787709497,0.0036592962032757,63.289855072463766,0.0046941451621643,63.360189573459714
a130,60,58,3728,3681,0.5619047619047619,0.2857142857142857,0.2761904761904762,0.5833333333333334,0.0028710064668759,63.46551724137931,0.0044078803910288,63.360189573459714
a131,64,58,4079,3647,0.580952380952381,0.3047619047619048,0.2761904761904762,0.5898876404494382,0.0031337744186317,62.87931034482759,0.0048311797559013,63.360189573459714
a132,68,53,4241,3319,0.5761904761904763,0.3238095238095238,0.2523809523809524,0.5965909090909091,0.0030143546209151,62.62264150943396,0.0049968234436296,63.360189573459714
a133,59,65,3719,4095,0.5904761904761905,0.2809523809523809,0.3095238095238095,0.5817174515235457,0.0031601889855979,63.0,0.0044251752071556,63.360189573459714
a134,59,68,3742,4294,0.6047619047619048,0.2809523809523809,0.3238095238095238,0.5817174515235457,0.0033607133689025,63.14705882352941,0.0044082216819107,63.360189573459714
a135,70,65,4436,4118,0.6428571428571429,0.3333333333333333,0.3095238095238095,0.6,0.0038418585533889,63.35384615384616,0.0051738336348299,63.360189573459714
a136,61,70,3826,4403,0.6238095238095238,0.2904761904761905,0.3333333333333333,0.584958217270195,0.0034002284881395,62.9,0.0045004145341839,63.360189573459714
a137,59,67,3702,4263,0.6000000000000001,0.2809523809523809,0.3190476190476191,0.5817174515235457,0.0032858263390207,63.62686567164179,0.0044569729445749,63.360189573459714
a138,63,66,3946,4196,0.6142857142857143,0.3,0.3142857142857143,0.5882352941176471,0.0034707866084653,63.57575757575758,0.0047406755240807,63.360189573459714
a139,71,49,4471,3061,0.5714285714285715,0.3380952380952381,0.2333333333333333,0.6017191977077364,0.0029047816433487,62.46938775510204,0.0052130980851967,63.360189573459714
a140,69,65,4288,4119,0.6380952380952382,0.3285714285714286,0.3095238095238095,0.5982905982905983,0.003673808316113,63.36923076923077,0.0049882096597472,63.360189573459714
a141,63,62,3970,3921,0.5952380952380953,0.3,0.2952380952380952,0.5882352941176471,0.0031931522996651,63.24193548387097,0.0046015302731137,63.360189573459714
a142,57,67,3557,4190,0.5904761904761905,0.2714285714285714,0.3190476190476191,0.5785123966942148,0.00321713321899,62.53731343283582,0.0042851899840476,63.360189573459714
a143,52,69,3245,4361,0.5761904761904763,0.2476190476190476,0.3285714285714286,0.5706521739130435,0.0030883583827092,63.20289855072464,0.0040181637050386,63.360189573459714
a144,64,63,4022,4006,0.6047619047619048,0.3047619047619048,0.3,0.5898876404494382,0.0033889562296687,63.58730158730159,0.004764314440111,63.360189573459714
a145,64,62,4069,3871,0.6000000000000001,0.3047619047619048,0.2952380952380952,0.5898876404494382,0.0031780079590524,62.435483870967744,0.0047361488323132,63.360189573459714
a146,62,76,3995,4879,0.6571428571428573,0.2952380952380952,0.3619047619047619,0.5865921787709497,0.0041212305100789,64.19736842105263,0.0047976702886743,63.360189573459714
a147,65,50,4068,3167,0.5476190476190477,0.3095238095238095,0.2380952380952381,0.5915492957746479,0.0026500287645562,63.34,0.0048233465329248,63.360189573459714
a148,71,61,4468,3797,0.6285714285714287,0.3380952380952381,0.2904761904761905,0.6017191977077364,0.0035684547886441,62.24590163934426,0.005156837226279,63.360189573459714
a149,58,64,3669,3980,0.580952380952381,0.2761904761904762,0.3047619047619048,0.580110497237569,0.0031809961793552,62.1875,0.0044889300786644,63.360189573459714
a150,59,69,3705,4365,0.6095238095238096,0.2809523809523809,0.3285714285714286,0.5817174515235457,0.0034075206021839,63.26086956521739,0.0044421393687843,63.360189573459714
a151,59,61,3700,3826,0.5714285714285715,0.2809523809523809,0.2904761904761905,0.5817174515235457,0.0029701697955738,62.72131147540984,0.0044406206738357,63.360189573459714
a152,73,59,4596,3716,0.6285714285714287,0.3476190476190476,0.2809523809523809,0.6051873198847262,0.0037014337003231,62.983050847457626,0.005378224980873,63.360189573459714
a153,73,65,4582,4116,0.6571428571428573,0.3476190476190476,0.3095238095238095,0.6051873198847262,0.0040203389551645,63.323076923076925,0.0053528775896494,63.360189573459714
a154,60,79,3804,5026,0.661904761904762,0.2857142857142857,0.3761904761904762,0.5833333333333334,0.004097242733131,63.62025316455696,0.0046312036645405,63.360189573459714
a155,69,54,4336,3365,0.5857142857142857,0.3285714285714286,0.2571428571428572,0.5982905982905983,0.0030381032251563,62.31481481481482,0.0050530858827197,63.360189573459714
a156,64,66,4068,4117,0.6190476190476191,0.3047619047619048,0.3142857142857143,0.5898876404494382,0.003449616988872,62.37878787878788,0.0047730305137201,63.360189573459714
a157,59,69,3739,4308,0.6095238095238096,0.2809523809523809,0.3285714285714286,0.5817174515235457,0.0033160040967594,62.43478260869565,0.0044292039208258,63.360189573459714
a158,62,67,3953,4247,0.6142857142857143,0.2952380952380952,0.3190476190476191,0.5865921787709497,0.0034397087691726,63.38805970149254,0.0046450085335814,63.360189573459714
a159,67,63,4313,4014,0.6190476190476191,0.3190476190476191,0.3,0.5949008498583569,0.0036224939679757,63.71428571428572,0.0051082633140041,63.360189573459714
a160,59,66,3734,4159,0.5952380952380953,0.2809523809523809,0.3142857142857143,0.5817174515235457,0.0032636865014828,63.01515151515152,0.0044803331091615,63.360189573459714
a161,66,55,4202,3497,0.5761904761904763,0.3142857142857143,0.2619047619047619,0.5932203389830508,0.0030821749212877,63.58181818181818,0.0049669771385206,63.360189573459714
a162,73,62,4589,3978,0.6428571428571429,0.3476190476190476,0.2952380952380952,0.6051873198847262,0.0038533506933588,64.16129032258064,0.0053174629446417,63.360189573459714
a163,70,58,4389,3645,0.6095238095238096,0.3333333333333333,0.2761904761904762,0.6,0.0034650443962403,62.8448275862069,0.0051451639574817,63.360189573459714
a164,60,62,3756,3934,0.580952380952381,0.2857142857142857,0.2952380952380952,0.5833333333333334,0.0030295986140588,63.45161290322581,0.004466169651688,63.360189573459714
a165,61,69,3788,4373,0.6190476190476191,0.2904761904761905,0.3285714285714286,0.584958217270195,0.0034023752874526,63.3768115942029,0.0044808225399015,63.360189573459714
a166,70,60,4371,3855,0.6190476190476191,0.3333333333333333,0.2857142857142857,0.6,0.0034394851733678,64.25,0.0050389666165602,63.360189573459714
a167,55,66,3450,4151,0.5761904761904763,0.2619047619047619,0.3142857142857143,0.5753424657534246,0.0029990852310348,62.89393939393939,0.0041881082289384,63.360189573459714
a168,58,67,3664,4182,0.5952380952380953,0.2761904761904762,0.3190476190476191,0.580110497237569,0.0031869400059713,62.4179104477612,0.0043627203347727,63.360189573459714
a169,58,67,3598,4221,0.5952380952380953,0.2761904761904762,0.3190476190476191,0.580110497237569,0.0031565781601817,63.0,0.0042976206683278,63.360189573459714
a170,58,53,3617,3368,0.5285714285714286,0.2761904761904762,0.2523809523809524,0.580110497237569,0.0025267315632218,63.54716981132076,0.0043278331924991,63.360189573459714
a171,71,67,4458,4263,0.6571428571428573,0.3380952380952381,0.3190476190476191,0.6017191977077364,0.0039829826634677,63.62686567164179,0.0052025662057793,63.360189573459714
a172,60,59,3864,3725,0.5666666666666668,0.2857142857142857,0.2809523809523809,0.5833333333333334,0.0029787579028293,63.13559322033898,0.0046118250361918,63.360189573459714
a173,59,72,3712,4491,0.6238095238095238,0.2809523809523809,0.3428571428571428,0.5817174515235457,0.0034380712785341,62.375,0.0044313206721095,63.360189573459714
a174,75,52,4763,3284,0.6047619047619048,0.3571428571428571,0.2476190476190476,0.6086956521739131,0.0032653274627628,63.15384615384615,0.005510577104532,63.360189573459714
a175,69,59,4437,3744,0.6095238095238096,0.3285714285714286,0.2809523809523809,0.5982905982905983,0.0034992450950902,63.45762711864407,0.005231225184801,63.360189573459714
a176,68,67,4326,4208,0.6428571428571429,0.3238095238095238,0.3190476190476191,0.5965909090909091,0.0039201601182462,62.80597014925373,0.0051159187792703,63.360189573459714
a177,49,67,3170,4218,0.5523809523809524,0.2333333333333333,0.3190476190476191,0.5660377358490566,0.0027997830910484,62.95522388059702,0.003900192275231,63.360189573459714
a178,63,68,3932,4291,0.6238095238095238,0.3,0.3238095238095238,0.5882352941176471,0.0035409385267868,63.10294117647059,0.0046356292528293,63.360189573459714
a179,64,62,4063,3911,0.6000000000000001,0.3047619047619048,0.2952380952380952,0.5898876404494382,0.003276498746023,63.08064516129032,0.0047973502697591,63.360189573459714
a180,66,69,4162,4354,0.6428571428571429,0.3142857142857143,0.3285714285714286,0.5932203389830508,0.0037533503693594,63.10144927536232,0.0049416363063854,63.360189573459714
a181,61,58,3865,3669,0.5666666666666668,0.2904761904761905,0.2761904761904762,0.584958217270195,0.002932077824851,63.25862068965517,0.004544858275839,63.360189573459714
a182,71,62,4454,3908,0.6333333333333334,0.3380952380952381,0.2952380952380952,0.6017191977077364,0.003685239824911,63.03225806451613,0.0052221272616736,63.360189573459714
a183,50,64,3095,4013,0.5428571428571429,0.2380952380952381,0.3047619047619048,0.5675675675675675,0.0025295664231376,62.703125,0.0037599423207213,63.360189573459714
a184,63,64,3938,4022,0.6047619047619048,0.3,0.3047619047619048,0.5882352941176471,0.0032985639353902,62.84375,0.0046578734673637,63.360189573459714
a185,62,64,3989,4106,0.6000000000000001,0.2952380952380952,0.3047619047619048,0.5865921787709497,0.0033751717621569,64.15625,0.0047341843796203,63.360189573459714
a186,61,60,3788,3816,0.5761904761904763,0.2904761904761905,0.2857142857142857,0.584958217270195,0.0031441966896197,63.6,0.0046151216439638,63.360189573459714
a187,58,74,3703,4729,0.6285714285714287,0.2761904761904762,0.3523809523809524,0.580110497237569,0.0035777137141683,63.9054054054054,0.0043828951497659,63.360189573459714
a188,60,69,3765,4366,0.6142857142857143,0.2857142857142857,0.3285714285714286,0.5833333333333334,0.0033255694791422,63.27536231884058,0.0044600883282994,63.360189573459714
a189,60,67,3831,4224,0.6047619047619048,0.2857142857142857,0.3190476190476191,0.5833333333333334,0.0034032875699994,63.04477611940298,0.0045860717748676,63.360189573459714
a190,73,52,4608,3315,0.5952380952380953,0.3476190476190476,0.2476190476190476,0.6051873198847262,0.0032332662504933,63.75,0.005402491638552,63.360189573459714
a191,49,67,3148,4197,0.5523809523809524,0.2333333333333333,0.3190476190476191,0.5660377358490566,0.0027688906108437,62.64179104477612,0.0039103540782496,63.360189573459714
a192,64,59,4126,3801,0.5857142857142857,0.3047619047619048,0.2809523809523809,0.5898876404494382,0.0034387527660235,64.42372881355932,0.0049497732672433,63.360189573459714
a193,75,71,4737,4408,0.6952380952380953,0.3571428571428571,0.3380952380952381,0.6086956521739131,0.0044723417377995,62.08450704225352,0.0054648048144248,63.360189573459714
a194,64,57,4072,3585,0.5761904761904763,0.3047619047619048,0.2714285714285714,0.5898876404494382,0.0029961605376469,62.89473684210526,0.0048284852620685,63.360189573459714
a195,68,61,4256,3841,0.6142857142857143,0.3238095238095238,0.2904761904761905,0.5965909090909091,0.0034844663410733,62.967213114754095,0.0050557895981862,63.360189573459714
a196,57,80,3716,5053,0.6523809523809524,0.2714285714285714,0.380952380952381,0.5785123966942148,0.0040782485917357,63.1625,0.0045494307862455,63.360189573459714
a197,68,64,4247,4046,0.6285714285714287,0.3238095238095238,0.3047619047619048,0.5965909090909091,0.0036752431777051,63.21875,0.0050348022092818,63.360189573459714
a198,61,70,3820,4480,0.6238095238095238,0.2904761904761905,0.3333333333333333,0.584958217270195,0.0034630530097197,64.0,0.0045134348846574,63.360189573459714
a199,71,56,4482,3571,0.6047619047619048,0.3380952380952381,0.2666666666666667,0.6017191977077364,0.0034028253924655,63.767857142857146,0.005183843121408,63.360189573459714
a200,59,69,3736,4324,0.6095238095238096,0.2809523809523809,0.3285714285714286,0.5817174515235457,0.003333553144296,62.66666666666666,0.0044717445512375,63.360189573459714
a201,61,69,3850,4373,0.6190476190476191,0.2904761904761905,0.3285714285714286,0.584958217270195,0.0034193635787581,63.3768115942029,0.0045707572589871,63.360189573459714
a202,74,67,4732,4231,0.6714285714285715,0.3523809523809524,0.3190476190476191,0.6069364161849711,0.0041996615072376,63.149253731343286,0.0055639420447395,63.360189573459714
a203,66,62,4155,3897,0.6095238095238096,0.3142857142857143,0.2952380952380952,0.5932203389830508,0.0033958682862156,62.854838709677416,0.0048962965163453,63.360189573459714
a204,73,58,4629,3743,0.6238095238095238,0.3476190476190476,0.2761904761904762,0.6051873198847262,0.0036192200720296,64.53448275862068,0.0054248056661286,63.360189573459714
a205,67,74,4234,4621,0.6714285714285715,0.3190476190476191,0.3523809523809524,0.5949008498583569,0.0041430812468769,62.44594594594594,0.0050019430867339,63.360189573459714
a206,61,63,3795,3943,0.5904761904761905,0.2904761904761905,0.3,0.584958217270195,0.003135204795009,62.58730158730159,0.0044621285976875,63.360189573459714
a207,59,78,3772,4976,0.6523809523809524,0.2809523809523809,0.3714285714285714,0.5817174515235457,0.0039383249362044,63.7948717948718,0.0045319180175741,63.360189573459714
a208,56,66,3528,4175,0.580952380952381,0.2666666666666667,0.3142857142857143,0.5769230769230769,0.0030685253715022,63.25757575757576,0.0042819675115715,63.360189573459714
a209,63,50,3994,3179,0.5380952380952382,0.3,0.2380952380952381,0.5882352941176471,0.002641397830333,63.58,0.0047287066514695,63.360189573459714
a210,68,49,4294,3103,0.5571428571428572,0.3238095238095238,0.2333333333333333,0.5965909090909091,0.0027538313176913,63.326530612244895,0.0051248853900445,63.360189573459714
