Argument,Label
a0,out
a1,in
a10,out
a11,out
a12,in
a13,out
a14,out
a2,out
a3,out
a4,in
a5,out
a6,out
a7,in
a8,out
a9,in
