Argument,Label
a0,out
a1,out
a10,out
a100,out
a101,in
a102,out
a103,out
a104,in
a105,out
a106,out
a107,out
a108,out
a109,in
a11,out
a110,out
a111,out
a112,out
a113,in
a114,out
a115,in
a116,out
a117,out
a118,out
a119,in
a12,out
a120,out
a121,out
a122,out
a123,out
a124,out
a125,in
a126,out
a127,out
a128,in
a129,in
a13,out
a130,out
a131,out
a132,out
a133,in
a134,in
a135,out
a136,in
a137,out
a138,out
a139,out
a14,out
a140,out
a141,in
a142,out
a143,out
a144,out
a15,out
a16,out
a17,in
a18,out
a19,out
a2,out
a20,in
a21,out
a22,out
a23,out
a24,out
a25,out
a26,out
a27,out
a28,in
a29,out
a3,in
a30,out
a31,out
a32,out
a33,in
a34,out
a35,out
a36,out
a37,in
a38,out
a39,out
a4,out
a40,out
a41,out
a42,out
a43,in
a44,in
a45,out
a46,out
a47,out
a48,out
a49,out
a5,out
a50,out
a51,in
a52,out
a53,in
a54,in
a55,in
a56,out
a57,in
a58,out
a59,out
a6,out
a60,in
a61,out
a62,out
a63,out
a64,out
a65,out
a66,out
a67,in
a68,in
a69,out
a7,out
a70,out
a71,in
a72,out
a73,out
a74,out
a75,in
a76,out
a77,out
a78,out
a79,out
a8,out
a80,out
a81,in
a82,out
a83,out
a84,in
a85,out
a86,in
a87,out
a88,out
a89,out
a9,in
a90,out
a91,out
a92,out
a93,in
a94,out
a95,out
a96,in
a97,out
a98,out
a99,in
