Argument,Label
a0,in
a1,out
a10,out
a100,out
a101,out
a102,out
a103,in
a104,out
a105,out
a106,out
a107,out
a108,in
a109,out
a11,out
a110,out
a111,out
a112,out
a113,in
a114,in
a115,out
a116,out
a117,out
a118,out
a119,in
a12,in
a120,out
a121,out
a122,out
a123,out
a124,out
a125,in
a126,in
a127,out
a128,out
a129,out
a13,out
a130,out
a131,in
a132,out
a133,out
a134,in
a135,out
a136,out
a137,in
a138,out
a139,out
a14,out
a140,out
a141,out
a142,in
a143,out
a144,out
a145,out
a146,out
a147,in
a148,out
a149,out
a15,out
a150,out
a151,out
a152,in
a153,in
a154,out
a155,out
a156,out
a157,out
a158,out
a159,out
a16,out
a17,out
a18,in
a19,out
a2,out
a20,out
a21,out
a22,out
a23,in
a24,out
a25,out
a26,out
a27,out
a28,out
a29,in
a3,out
a30,out
a31,out
a32,out
a33,out
a34,in
a35,in
a36,out
a37,out
a38,out
a39,out
a4,out
a40,out
a41,out
a42,out
a43,out
a44,in
a45,in
a46,out
a47,out
a48,out
a49,out
a5,out
a50,out
a51,in
a52,out
a53,out
a54,out
a55,out
a56,in
a57,in
a58,out
a59,out
a6,out
a60,out
a61,out
a62,out
a63,in
a64,out
a65,out
a66,out
a67,out
a68,out
a69,in
a7,in
a70,out
a71,in
a72,out
a73,out
a74,out
a75,out
a76,out
a77,out
a78,out
a79,in
a8,out
a80,out
a81,out
a82,out
a83,out
a84,out
a85,out
a86,out
a87,out
a88,in
a89,in
a9,out
a90,in
a91,out
a92,out
a93,out
a94,out
a95,out
a96,out
a97,out
a98,in
a99,out
