Argument,Label
a0,out
a1,out
a10,out
a11,in
a12,out
a2,in
a3,out
a4,out
a5,in
a6,out
a7,in
a8,in
a9,out
