Argument,Label
a0,out
a1,in
a10,out
a11,in
a12,out
a13,in
a2,out
a3,out
a4,out
a5,in
a6,out
a7,out
a8,in
a9,out
