Argument,Label
a0,out
a1,out
a10,in
a100,out
a101,in
a102,in
a103,in
a104,in
a105,in
a106,in
a107,in
a108,in
a109,in
a11,out
a110,in
a111,out
a112,out
a113,in
a114,in
a115,in
a116,out
a117,in
a118,in
a119,in
a12,out
a120,out
a121,out
a122,out
a123,in
a124,in
a125,out
a126,out
a127,in
a128,out
a129,in
a13,in
a130,in
a131,in
a132,in
a133,in
a134,in
a135,in
a136,out
a137,in
a138,in
a139,out
a14,in
a140,in
a141,in
a142,in
a143,out
a144,in
a145,in
a146,out
a147,in
a148,in
a149,in
a15,out
a150,in
a151,in
a152,out
a153,out
a154,in
a155,out
a156,in
a157,in
a158,in
a159,in
a16,in
a160,in
a161,in
a162,in
a163,in
a164,out
a165,out
a166,in
a167,in
a168,in
a169,in
a17,in
a170,in
a171,out
a172,in
a173,in
a174,in
a175,out
a176,in
a177,in
a178,in
a179,in
a18,in
a180,in
a19,in
a2,out
a20,in
a21,in
a22,out
a23,in
a24,in
a25,in
a26,in
a27,in
a28,out
a29,in
a3,out
a30,in
a31,out
a32,out
a33,in
a34,in
a35,in
a36,out
a37,in
a38,out
a39,in
a4,out
a40,in
a41,out
a42,in
a43,out
a44,in
a45,in
a46,out
a47,in
a48,out
a49,in
a5,out
a50,in
a51,in
a52,in
a53,out
a54,out
a55,out
a56,out
a57,in
a58,out
a59,in
a6,in
a60,out
a61,out
a62,in
a63,in
a64,out
a65,in
a66,in
a67,in
a68,in
a69,out
a7,out
a70,out
a71,in
a72,in
a73,out
a74,out
a75,in
a76,out
a77,in
a78,out
a79,out
a8,out
a80,in
a81,in
a82,in
a83,out
a84,in
a85,in
a86,in
a87,in
a88,in
a89,in
a9,out
a90,in
a91,in
a92,in
a93,in
a94,in
a95,in
a96,in
a97,in
a98,in
a99,in
