Argument,Label
a0,in
a1,out
a10,out
a100,in
a101,out
a102,out
a103,out
a104,out
a105,in
a106,out
a107,out
a108,out
a109,out
a11,in
a110,in
a111,out
a112,out
a113,out
a114,out
a115,out
a116,out
a117,in
a118,in
a119,out
a12,out
a120,in
a121,out
a122,out
a123,out
a124,in
a125,in
a126,out
a127,out
a128,out
a129,out
a13,out
a130,out
a131,out
a132,out
a133,in
a134,out
a135,out
a136,in
a137,out
a138,out
a139,in
a14,out
a140,out
a141,out
a142,out
a143,out
a144,out
a145,in
a146,out
a147,out
a148,out
a149,out
a15,out
a150,out
a151,out
a152,out
a153,out
a154,in
a155,out
a156,out
a157,out
a158,in
a159,out
a16,out
a17,out
a18,in
a19,out
a2,out
a20,out
a21,out
a22,out
a23,out
a24,out
a25,out
a26,in
a27,out
a28,out
a29,out
a3,out
a30,in
a31,out
a32,in
a33,in
a34,out
a35,out
a36,in
a37,out
a38,out
a39,in
a4,out
a40,out
a41,out
a42,out
a43,out
a44,in
a45,out
a46,out
a47,out
a48,out
a49,in
a5,in
a50,out
a51,out
a52,out
a53,out
a54,out
a55,in
a56,out
a57,out
a58,in
a59,out
a6,in
a60,out
a61,out
a62,out
a63,out
a64,in
a65,out
a66,out
a67,out
a68,out
a69,out
a7,in
a70,out
a71,out
a72,in
a73,out
a74,out
a75,out
a76,out
a77,in
a78,out
a79,out
a8,out
a80,in
a81,out
a82,in
a83,out
a84,out
a85,out
a86,out
a87,in
a88,out
a89,out
a9,out
a90,out
a91,out
a92,in
a93,in
a94,out
a95,out
a96,out
a97,out
a98,out
a99,in
