Argument,Label
a0,in
a1,out
a10,in
a11,in
a12,out
a13,in
a14,out
a15,in
a16,out
a17,out
a2,out
a3,in
a4,out
a5,out
a6,out
a7,out
a8,out
a9,out
