Argument,Label
a0,out
a1,in
a10,out
a11,out
a12,in
a13,out
a14,in
a2,out
a3,out
a4,out
a5,out
a6,in
a7,out
a8,out
a9,out
