Argument,Label
a0,in
a1,out
a10,in
a11,in
a12,out
a13,out
a2,out
a3,in
a4,out
a5,in
a6,in
a7,in
a8,in
a9,out
