Argument,Label
a0,out
a1,out
a10,out
a100,out
a101,out
a102,out
a103,in
a104,out
a105,in
a106,out
a107,out
a108,out
a109,out
a11,out
a110,out
a111,in
a112,in
a113,out
a114,out
a115,out
a116,in
a117,in
a118,out
a119,out
a12,out
a120,out
a121,out
a122,in
a123,out
a124,out
a125,out
a126,out
a127,out
a128,in
a129,in
a13,in
a130,out
a131,in
a132,out
a133,out
a134,in
a135,out
a136,out
a137,in
a138,out
a139,in
a14,out
a140,out
a141,out
a142,out
a143,out
a144,out
a145,out
a146,out
a147,out
a148,out
a149,out
a15,in
a150,out
a151,in
a152,out
a153,in
a154,in
a155,out
a156,out
a157,out
a158,out
a159,out
a16,out
a160,out
a161,out
a162,out
a163,in
a164,out
a165,out
a166,out
a167,out
a168,out
a169,out
a17,out
a170,in
a171,out
a172,in
a173,out
a174,out
a175,out
a176,in
a177,out
a178,in
a179,out
a18,in
a180,out
a181,out
a182,out
a183,out
a184,in
a185,out
a186,out
a187,out
a188,in
a189,out
a19,out
a190,out
a191,out
a192,out
a193,out
a194,in
a195,out
a196,out
a197,out
a198,out
a199,out
a2,in
a20,out
a200,in
a201,in
a202,out
a203,out
a204,out
a205,out
a206,out
a207,out
a208,in
a209,out
a21,in
a210,out
a211,out
a212,in
a213,out
a214,in
a215,out
a216,out
a217,out
a218,in
a219,out
a22,out
a220,in
a221,in
a222,out
a223,in
a224,out
a225,in
a226,in
a227,out
a228,out
a229,out
a23,out
a230,out
a231,out
a232,out
a233,in
a234,in
a235,out
a236,out
a237,out
a238,out
a239,out
a24,out
a240,out
a241,out
a242,out
a243,in
a244,out
a245,in
a246,out
a247,out
a248,out
a249,in
a25,out
a250,out
a251,in
a252,out
a253,out
a254,out
a255,out
a256,in
a257,out
a258,out
a259,out
a26,out
a260,in
a261,out
a262,in
a263,out
a264,out
a27,out
a28,in
a29,out
a3,out
a30,out
a31,in
a32,out
a33,in
a34,in
a35,out
a36,out
a37,out
a38,out
a39,out
a4,out
a40,out
a41,out
a42,in
a43,in
a44,out
a45,in
a46,in
a47,out
a48,in
a49,out
a5,out
a50,out
a51,in
a52,out
a53,out
a54,out
a55,out
a56,out
a57,out
a58,out
a59,in
a6,in
a60,in
a61,out
a62,out
a63,out
a64,out
a65,out
a66,in
a67,out
a68,in
a69,out
a7,out
a70,out
a71,out
a72,out
a73,in
a74,in
a75,out
a76,out
a77,out
a78,out
a79,out
a8,out
a80,in
a81,out
a82,out
a83,out
a84,out
a85,in
a86,out
a87,in
a88,out
a89,out
a9,out
a90,out
a91,out
a92,out
a93,in
a94,out
a95,out
a96,out
a97,in
a98,out
a99,out
