Argument,Label
a0,out
a1,out
a10,in
a100,in
a101,out
a102,in
a103,out
a104,in
a105,in
a106,in
a107,in
a108,in
a109,in
a11,out
a110,out
a111,in
a112,in
a113,out
a114,out
a115,in
a116,in
a117,in
a118,in
a119,in
a12,in
a120,out
a121,in
a122,in
a123,in
a124,in
a125,in
a126,in
a127,in
a128,in
a129,in
a13,out
a130,in
a131,in
a132,in
a133,in
a134,in
a135,in
a136,in
a137,in
a138,in
a139,out
a14,in
a140,out
a141,in
a142,in
a143,in
a144,in
a145,in
a146,in
a147,in
a148,in
a149,in
a15,out
a150,out
a151,out
a152,out
a153,in
a154,in
a155,in
a156,in
a157,in
a158,in
a159,in
a16,out
a160,in
a161,in
a162,out
a163,in
a164,in
a165,out
a166,in
a167,in
a168,in
a169,in
a17,out
a170,in
a171,out
a172,out
a173,in
a174,in
a175,in
a176,out
a177,in
a178,in
a179,in
a18,out
a180,in
a181,in
a182,in
a183,out
a184,out
a185,in
a186,out
a187,out
a188,in
a189,out
a19,in
a190,out
a191,in
a192,in
a193,in
a194,in
a195,in
a196,in
a197,in
a198,out
a199,in
a2,out
a20,in
a200,in
a21,out
a22,in
a23,in
a24,out
a25,in
a26,in
a27,in
a28,out
a29,in
a3,out
a30,in
a31,out
a32,in
a33,in
a34,out
a35,in
a36,out
a37,out
a38,out
a39,out
a4,in
a40,in
a41,out
a42,in
a43,in
a44,in
a45,in
a46,in
a47,in
a48,out
a49,out
a5,out
a50,in
a51,in
a52,in
a53,in
a54,out
a55,out
a56,in
a57,in
a58,out
a59,out
a6,out
a60,in
a61,in
a62,in
a63,out
a64,in
a65,out
a66,in
a67,in
a68,out
a69,in
a7,in
a70,out
a71,in
a72,out
a73,in
a74,in
a75,in
a76,in
a77,in
a78,in
a79,in
a8,out
a80,out
a81,in
a82,in
a83,in
a84,in
a85,in
a86,in
a87,in
a88,out
a89,out
a9,out
a90,in
a91,in
a92,out
a93,out
a94,in
a95,in
a96,in
a97,out
a98,in
a99,out
