Argument,Label
a0,out
a1,out
a10,in
a100,in
a101,in
a102,out
a103,in
a104,out
a105,out
a106,out
a107,out
a108,out
a109,out
a11,in
a110,in
a111,out
a112,out
a113,out
a114,out
a115,out
a116,in
a117,out
a118,out
a119,in
a12,out
a120,out
a121,in
a122,out
a123,in
a124,out
a125,out
a126,in
a127,out
a128,out
a129,in
a13,out
a130,out
a131,out
a132,in
a133,out
a134,out
a135,in
a136,out
a137,out
a138,out
a139,out
a14,out
a140,out
a141,in
a142,out
a143,in
a144,out
a145,out
a146,out
a147,out
a148,in
a149,in
a15,out
a150,in
a151,out
a152,out
a153,out
a154,out
a155,out
a156,out
a157,out
a158,in
a159,out
a16,in
a160,out
a161,out
a162,out
a163,out
a164,out
a165,in
a166,in
a167,out
a168,in
a169,out
a17,out
a170,out
a171,out
a172,out
a173,in
a174,in
a175,out
a176,out
a177,out
a178,out
a179,out
a18,out
a180,out
a181,in
a182,in
a183,out
a184,out
a185,out
a186,in
a187,in
a188,out
a189,out
a19,in
a190,out
a191,out
a192,out
a193,out
a194,out
a195,in
a196,out
a197,out
a198,in
a199,out
a2,out
a20,out
a200,out
a201,in
a202,in
a203,out
a204,out
a205,out
a206,out
a207,in
a208,in
a209,out
a21,out
a210,in
a211,out
a212,out
a213,out
a214,out
a215,out
a216,in
a217,in
a218,out
a219,out
a22,in
a220,out
a221,out
a222,out
a223,out
a224,in
a225,out
a226,out
a227,out
a228,out
a229,out
a23,out
a230,in
a231,out
a232,out
a233,out
a234,in
a235,out
a236,out
a237,out
a238,in
a239,in
a24,out
a25,in
a26,out
a27,out
a28,out
a29,out
a3,in
a30,in
a31,out
a32,out
a33,in
a34,out
a35,in
a36,in
a37,out
a38,out
a39,out
a4,in
a40,out
a41,out
a42,in
a43,out
a44,in
a45,out
a46,out
a47,in
a48,out
a49,out
a5,out
a50,out
a51,out
a52,in
a53,out
a54,out
a55,out
a56,out
a57,in
a58,out
a59,out
a6,out
a60,out
a61,in
a62,in
a63,out
a64,out
a65,out
a66,out
a67,in
a68,out
a69,out
a7,out
a70,out
a71,out
a72,in
a73,in
a74,out
a75,out
a76,out
a77,in
a78,out
a79,out
a8,out
a80,out
a81,out
a82,out
a83,in
a84,in
a85,in
a86,out
a87,out
a88,out
a89,in
a9,in
a90,out
a91,out
a92,out
a93,out
a94,out
a95,in
a96,in
a97,out
a98,out
a99,out
