Argument,Label
a0,out
a1,out
a10,in
a100,out
a101,out
a102,out
a103,in
a104,out
a105,out
a106,in
a107,out
a108,out
a109,out
a11,out
a110,out
a111,out
a112,out
a113,out
a114,in
a115,in
a116,out
a117,in
a118,out
a119,out
a12,out
a120,in
a121,out
a122,out
a123,in
a124,out
a125,out
a126,in
a127,out
a128,out
a129,out
a13,in
a130,in
a131,out
a132,out
a133,out
a134,out
a135,out
a136,in
a137,out
a138,out
a139,out
a14,out
a140,out
a141,out
a142,in
a143,out
a144,out
a145,out
a146,out
a147,out
a148,in
a149,out
a15,out
a150,out
a151,in
a152,out
a153,out
a154,out
a155,out
a156,out
a157,in
a158,in
a159,out
a16,out
a160,out
a161,out
a162,out
a163,in
a164,out
a165,in
a166,out
a167,out
a168,out
a169,in
a17,in
a170,out
a171,out
a172,out
a173,out
a174,in
a175,out
a176,in
a177,out
a178,out
a179,out
a18,out
a180,out
a181,out
a182,out
a183,in
a184,out
a185,in
a186,in
a187,out
a188,out
a189,out
a19,in
a190,out
a191,in
a192,out
a193,out
a194,in
a195,out
a196,out
a197,out
a198,in
a199,out
a2,out
a20,out
a200,in
a201,out
a202,out
a203,out
a204,out
a205,in
a206,out
a207,out
a208,in
a209,in
a21,out
a22,out
a23,out
a24,in
a25,in
a26,out
a27,in
a28,out
a29,out
a3,out
a30,in
a31,in
a32,out
a33,out
a34,out
a35,out
a36,in
a37,out
a38,in
a39,in
a4,in
a40,out
a41,out
a42,out
a43,out
a44,out
a45,out
a46,out
a47,out
a48,in
a49,out
a5,in
a50,out
a51,out
a52,out
a53,out
a54,out
a55,out
a56,in
a57,out
a58,out
a59,in
a6,out
a60,out
a61,out
a62,in
a63,out
a64,in
a65,out
a66,out
a67,out
a68,out
a69,out
a7,in
a70,out
a71,in
a72,out
a73,out
a74,out
a75,in
a76,in
a77,out
a78,out
a79,out
a8,out
a80,out
a81,out
a82,out
a83,in
a84,out
a85,out
a86,out
a87,out
a88,in
a89,out
a9,out
a90,out
a91,out
a92,out
a93,out
a94,out
a95,out
a96,in
a97,out
a98,out
a99,out
