Argument,Label
a0,in
a1,out
a10,in
a11,out
a12,in
a13,out
a14,out
a15,out
a16,out
a17,in
a18,out
a19,in
a2,out
a20,out
a21,in
a3,in
a4,out
a5,out
a6,out
a7,in
a8,out
a9,out
