Argument,Label
a0,out
a1,in
a10,out
a11,in
a12,out
a13,in
a14,in
a15,in
a16,in
a17,out
a18,out
a19,out
a2,out
a20,out
a21,out
a3,out
a4,in
a5,out
a6,out
a7,out
a8,in
a9,out
