Argument,Label
a0,out
a1,out
a10,out
a100,out
a101,in
a102,out
a103,out
a104,in
a105,out
a106,out
a107,in
a108,out
a109,out
a11,out
a110,out
a111,out
a112,out
a113,out
a114,out
a115,in
a116,in
a117,out
a118,out
a119,out
a12,out
a120,out
a121,out
a122,in
a123,out
a124,out
a125,out
a126,out
a127,out
a128,in
a129,out
a13,in
a130,in
a131,out
a132,out
a133,out
a134,in
a135,out
a136,out
a137,out
a138,out
a139,out
a14,out
a140,out
a141,in
a142,out
a143,out
a144,out
a145,out
a146,in
a147,out
a148,out
a149,out
a15,out
a150,out
a151,out
a152,in
a153,out
a154,out
a155,in
a156,out
a157,out
a158,out
a159,out
a16,out
a160,out
a161,out
a162,out
a163,in
a164,out
a165,out
a166,out
a167,out
a168,out
a169,in
a17,out
a170,in
a171,in
a172,in
a173,out
a174,in
a175,out
a176,out
a177,out
a178,out
a179,out
a18,out
a180,out
a181,in
a182,out
a183,in
a184,out
a185,out
a186,out
a187,out
a188,out
a189,in
a19,out
a190,out
a191,out
a192,out
a193,out
a194,out
a195,out
a196,out
a197,out
a198,out
a199,in
a2,in
a20,out
a200,out
a201,out
a202,out
a203,out
a204,in
a205,out
a206,in
a207,in
a208,out
a209,out
a21,out
a210,out
a211,out
a212,out
a213,in
a214,in
a215,out
a216,in
a217,out
a218,in
a219,out
a22,out
a220,out
a221,out
a222,out
a223,out
a224,in
a225,in
a226,out
a227,out
a228,out
a229,in
a23,out
a230,in
a231,out
a232,in
a233,out
a234,out
a235,out
a236,in
a237,in
a238,out
a239,out
a24,in
a240,out
a241,out
a242,out
a243,out
a244,in
a245,out
a246,out
a247,out
a248,out
a249,out
a25,out
a250,out
a251,in
a252,out
a253,out
a254,in
a255,out
a256,out
a257,in
a258,out
a259,out
a26,in
a260,out
a261,in
a262,in
a263,out
a264,out
a265,out
a266,out
a267,in
a268,out
a269,in
a27,out
a270,in
a271,out
a272,out
a273,out
a274,out
a275,in
a276,out
a277,out
a278,out
a279,out
a28,out
a280,out
a281,out
a282,in
a283,out
a284,in
a285,out
a286,out
a287,in
a288,out
a289,out
a29,out
a290,in
a291,in
a292,in
a293,out
a294,out
a3,out
a30,out
a31,in
a32,out
a33,out
a34,out
a35,out
a36,out
a37,in
a38,out
a39,out
a4,out
a40,in
a41,in
a42,in
a43,out
a44,out
a45,in
a46,in
a47,out
a48,out
a49,out
a5,out
a50,out
a51,out
a52,out
a53,in
a54,out
a55,out
a56,out
a57,out
a58,in
a59,in
a6,in
a60,out
a61,out
a62,out
a63,in
a64,in
a65,out
a66,out
a67,out
a68,out
a69,in
a7,out
a70,out
a71,out
a72,in
a73,out
a74,out
a75,out
a76,out
a77,in
a78,in
a79,out
a8,in
a80,in
a81,out
a82,out
a83,out
a84,in
a85,out
a86,out
a87,out
a88,out
a89,out
a9,in
a90,out
a91,out
a92,out
a93,out
a94,in
a95,out
a96,out
a97,out
a98,out
a99,in
