Argument,Label
a0,in
a1,in
a10,out
a11,out
a12,in
a13,out
a14,in
a15,out
a16,out
a17,out
a18,out
a19,out
a2,out
a20,out
a21,out
a22,out
a23,out
a3,in
a4,in
a5,out
a6,in
a7,out
a8,out
a9,in
