Argument,Label
a0,out
a1,out
a10,out
a100,out
a101,out
a102,out
a103,out
a104,out
a105,in
a106,out
a107,out
a108,out
a109,out
a11,out
a110,out
a111,out
a112,out
a113,out
a114,out
a115,out
a116,out
a117,out
a118,out
a119,out
a12,out
a120,out
a121,out
a122,out
a123,out
a124,out
a125,out
a126,out
a127,out
a128,out
a129,out
a13,out
a130,out
a131,out
a132,out
a133,out
a134,out
a135,out
a136,out
a137,out
a138,out
a139,out
a14,out
a140,out
a141,out
a142,out
a143,in
a144,out
a145,out
a146,out
a147,out
a148,out
a149,out
a15,out
a150,out
a151,out
a152,out
a153,out
a154,in
a155,out
a156,out
a157,out
a158,out
a159,out
a16,out
a160,out
a161,out
a162,out
a163,out
a164,out
a165,out
a166,out
a167,out
a168,out
a169,out
a17,out
a170,out
a171,out
a172,out
a173,out
a174,out
a175,out
a176,out
a177,out
a178,out
a179,out
a18,out
a180,out
a181,out
a182,out
a183,out
a184,out
a185,out
a186,out
a187,out
a188,out
a189,out
a19,out
a190,out
a191,out
a192,out
a193,out
a194,out
a195,out
a196,out
a197,out
a198,out
a199,out
a2,out
a20,out
a200,out
a201,out
a202,out
a203,out
a204,out
a205,out
a206,out
a207,out
a208,out
a209,out
a21,out
a210,out
a211,out
a212,out
a213,out
a214,out
a215,out
a216,out
a217,out
a218,out
a219,out
a22,out
a220,out
a221,out
a222,out
a223,out
a224,out
a225,out
a226,out
a227,out
a228,out
a229,out
a23,in
a230,out
a231,out
a232,out
a233,out
a234,out
a235,out
a236,out
a237,out
a238,out
a239,out
a24,out
a240,out
a241,out
a242,out
a243,out
a244,out
a245,out
a246,out
a247,out
a248,out
a249,out
a25,out
a250,out
a251,out
a252,out
a253,out
a254,out
a255,out
a256,out
a257,out
a258,out
a259,out
a26,out
a260,out
a261,out
a262,out
a263,out
a264,out
a265,out
a266,out
a267,out
a268,out
a269,out
a27,out
a270,out
a271,out
a272,out
a273,out
a274,out
a275,out
a276,out
a277,out
a278,out
a279,out
a28,out
a280,out
a281,out
a282,out
a283,out
a284,out
a285,out
a286,out
a287,out
a288,out
a289,out
a29,out
a290,out
a291,out
a292,in
a293,out
a294,out
a295,out
a296,out
a297,out
a298,out
a299,out
a3,out
a30,out
a300,out
a301,out
a302,out
a303,out
a304,out
a305,out
a306,out
a307,out
a308,out
a309,out
a31,out
a310,out
a311,out
a312,out
a313,in
a314,out
a315,out
a316,out
a317,out
a318,out
a319,out
a32,out
a320,out
a321,out
a322,out
a323,out
a324,out
a325,out
a326,out
a327,out
a328,out
a329,out
a33,out
a330,out
a331,out
a332,out
a333,out
a334,out
a335,out
a336,out
a337,out
a338,out
a339,out
a34,out
a340,out
a341,out
a342,out
a343,out
a344,out
a345,out
a346,out
a347,in
a348,out
a349,out
a35,out
a350,out
a36,out
a37,out
a38,out
a39,out
a4,out
a40,out
a41,out
a42,out
a43,out
a44,out
a45,out
a46,out
a47,out
a48,out
a49,out
a5,out
a50,out
a51,out
a52,out
a53,out
a54,out
a55,out
a56,out
a57,out
a58,out
a59,out
a6,out
a60,in
a61,out
a62,out
a63,out
a64,out
a65,out
a66,out
a67,out
a68,out
a69,out
a7,out
a70,out
a71,out
a72,out
a73,out
a74,out
a75,out
a76,out
a77,out
a78,out
a79,out
a8,out
a80,out
a81,out
a82,out
a83,out
a84,out
a85,out
a86,out
a87,out
a88,out
a89,out
a9,out
a90,out
a91,out
a92,out
a93,out
a94,out
a95,out
a96,out
a97,out
a98,out
a99,out
