Argument,Label
a0,out
a1,out
a10,out
a11,out
a12,out
a13,in
a14,out
a15,in
a16,in
a17,out
a18,out
a19,out
a2,in
a20,in
a21,in
a22,out
a23,out
a24,out
a25,in
a26,out
a27,out
a28,out
a29,in
a3,out
a30,out
a31,out
a32,out
a33,out
a34,out
a35,in
a36,out
a37,out
a38,out
a39,out
a4,out
a40,out
a41,in
a42,out
a43,in
a44,out
a45,out
a46,out
a47,in
a48,in
a49,out
a5,out
a6,in
a7,in
a8,out
a9,in
