Argument,Label
a0,out
a1,out
a10,in
a11,out
a12,out
a13,in
a14,out
a15,out
a16,out
a17,out
a18,out
a19,out
a2,out
a20,out
a21,out
a22,out
a23,in
a24,out
a25,in
a26,out
a27,out
a28,in
a29,out
a3,out
a30,in
a31,out
a32,out
a33,in
a34,out
a35,in
a36,out
a37,out
a38,out
a39,out
a4,out
a40,out
a41,out
a42,out
a43,out
a44,out
a45,out
a46,out
a47,out
a48,out
a49,out
a5,in
a50,out
a51,out
a52,out
a53,out
a54,out
a55,out
a56,out
a57,out
a58,out
a59,out
a6,out
a60,out
a61,out
a62,in
a63,out
a64,out
a65,out
a66,out
a67,out
a68,out
a69,out
a7,in
a70,out
a71,out
a72,out
a73,in
a74,out
a75,out
a76,out
a77,in
a78,out
a79,out
a8,in
a80,in
a81,out
a82,out
a83,out
a84,in
a85,out
a9,out
